Printing the average test results after 10 repeats:

tree   n    test      h1     h2     h3    it1   st1a   st1b    dt1   st2a   st2b    it2   st3a   st3b    dt2  total
-------------------------------------------------------------------------------------------------------------------
RBT: 100000:  A:      30     19     20     16     13     31      6      5     23     14     12     28     26    178
AVL: 100000:  A:      16     16     18     12     12     25      5      5     23     13     12     28     25    163
AA:  100000:  A:      21     20     21     16     12     26     18      6     28     19     14     32     58    234
RBT: 100000:  B:      28     18     20     19     16     36     14      5     25     15     14     29     29    206
AVL: 100000:  B:      18     18     19     17     13     30     14      5     25     13     13     30     28    192
AA:  100000:  B:      23     20     22     24     13     32     31      6     27     18     14     32     56    255
BST: 100000:  B:    1062    543    545     27     34     71     22     13     56     18     30     64     36    374
RBT: 100000:  C:      19     18     19     25     13     27      9      7     27     14     13     28     27    194
AVL: 100000:  C:      19     18     19     22     11     27      8      5     26     14     13     31     28    189
AA:  100000:  C:      22     21     22     30     13     31     20      5     25     18     13     31     57    248
BST: 100000:  C:      40     37     39     22     17     38      9      9     39     14     21     44     28    245
RBT: 100000:  D:      30     17     18     16     13     31     13      4     21     13     12     26     26    178
AVL: 100000:  D:      16     16     18     11     11     26     12      5     22     12     12     27     25    168
AA:  100000:  D:      21     21     22     16     11     25     29      6     26     17     13     32     55    235
RBT: 100000:  E:      28     20     20     19     15     36      7      6     27     14     13     30     28    197
AVL: 100000:  E:      18     17     19     15     13     30      7      5     26     13     12     29     26    181
AA:  100000:  E:      23     21     22     21     12     29     18      6     27     17     14     32     56    236
BST: 100000:  E:    1068    549    551     28     36     74     12     14     60     19     32     68     38    386
RBT: 100000:  F:      19     18     19     25     12     28     15      5     25     14     13     28     27    196
AVL: 100000:  F:      19     17     19     22     11     27     14      5     26     15     13     29     26    192
AA:  100000:  F:      22     20     22     30     12     30     30      5     24     17     12     30     55    250
BST: 100000:  F:      40     36     39     21     16     38     14      9     40     15     21     44     29    251
RBT: 200000:  A:      32     21     21     35     39    100     13     15     71     42     41     88     82    529
AVL: 200000:  A:      17     17     19     25     38     80     13     16     67     40     40     89     79    489
AA:  200000:  A:      22     21     23     34     36     79     40     16     75     54     43     97    164    642
RBT: 200000:  B:      30     20     21     43     48    118     44     16     70     43     42     91     88    608
AVL: 200000:  B:      20     19     20     37     42     96     46     19     82     44     46    105     89    610
AA:  200000:  B:      25     22     23     52     45    107     93     18     85     58     46    109    176    793
BST: 200000:  B:    1228    631    633     63    104    214     68     41    174     57     92    197    106   1120
RBT: 200000:  C:      20     19     20     67     40     85     25     18     78     47     44     94     84    586
AVL: 200000:  C:      20     19     20     62     38     89     23     19     88     49     46    105     91    614
AA:  200000:  C:      23     22     23     89     42    104     49     18     81     58     44     97    161    748
BST: 200000:  C:      42     39     41     55     57    121     25     28    128     42     69    152     82    763
RBT: 200000:  D:      32     18     19     35     42    105     42     15     69     42     42     89     90    575
AVL: 200000:  D:      17     17     19     26     42     84     40     16     68     39     40     89     80    528
AA:  200000:  D:      22     22     23     35     37     80     84     18     81     64     53    110    173    739
RBT: 200000:  E:      30     21     22     47     53    125     17     17     77     44     43     95     86    609
AVL: 200000:  E:      20     19     20     39     41     96     17     19     88     46     47    111     99    608
AA:  200000:  E:      24     23     24     53     44    114     47     22    101     65     56    133    193    833
BST: 200000:  E:    1459    740    742     69    101    230     30     45    191     55     90    200    109   1124
RBT: 200000:  F:      20     20     20     66     39     86     49     18     84     49     46     98     89    628
AVL: 200000:  F:      20     19     20     63     41     92     45     16     76     44     44     95     85    603
AA:  200000:  F:      23     22     24     82     41     99     93     16     74     56     43    101    161    769
BST: 200000:  F:      42     39     42     54     51    117     45     27    120     40     67    150     90    764
RBT: 300000:  A:      33     21     22     53     70    165     19     30    144     85     82    193    169   1015
AVL: 300000:  A:      18     18     20     39     70    157     19     32    128     72     74    172    157    926
AA:  300000:  A:      25     23     24     55     69    150     61     32    148    101     81    187    298   1186
RBT: 300000:  B:      31     21     22     73     94    228     84     30    140     86     80    173    159   1152
AVL: 300000:  B:      20     19     21     58     75    165     78     31    140     75     80    172    152   1029
AA:  300000:  B:      26     23     25     77     74    181    158     32    153     99     82    205    317   1382
BST: 300000:  B:    1804    929    931     99    178    365    122     72    299     95    164    343    186   1927
RBT: 300000:  C:      21     20     21    116     66    152     40     33    153     93     83    183    171   1095
AVL: 300000:  C:      21     20     21    110     69    158     39     33    152     84     89    187    156   1081
AA:  300000:  C:      24     23     24    149     74    181     74     31    150    101     78    178    306   1324
BST: 300000:  C:      45     41     44    100    103    223     41     53    231     79    137    293    167   1431
RBT: 300000:  D:      33     19     20     54     73    174     73     28    123     76     75    162    145    988
AVL: 300000:  D:      18     18     20     38     65    147     68     29    125     71     73    163    145    929
AA:  300000:  D:      25     23     24     52     65    148    152     31    142     98     83    197    301   1273
RBT: 300000:  E:      31     22     23     72     95    231     26     32    144     83     82    177    154   1099
AVL: 300000:  E:      20     19     21     57     72    164     27     33    153     78     81    174    153    995
AA:  300000:  E:      25     24     25     81     80    187     65     35    162    101     90    215    302   1322
BST: 300000:  E:    1472    749    751    101    179    373     43     73    300     96    165    348    180   1861
RBT: 300000:  F:      21     20     21    112     69    160     87     34    144     85     81    181    161   1119
AVL: 300000:  F:      21     19     21    109     72    166     84     32    143     81     80    176    163   1110
AA:  300000:  F:      24     23     24    147     74    179    165     30    142     99     78    182    292   1392
BST: 300000:  F:      44     41     43     98    100    217     75     51    226     78    131    279    151   1409
RBT: 400000:  A:      34     22     23     73    109    277     27     45    191    110    110    245    223   1413
AVL: 400000:  A:      18     18     20     51     97    205     26     44    187    107    105    236    217   1280
AA:  400000:  A:      23     23     24     72     97    214     86     46    209    144    118    266    441   1698
RBT: 400000:  B:      32     21     22    105    138    341    123     46    206    117    118    261    234   1691
AVL: 400000:  B:      21     20     21     79    110    249    117     47    213    114    116    267    228   1544
AA:  400000:  B:      26     23     25    114    113    275    233     50    232    148    130    307    440   2044
BST: 400000:  B:    1684    848    851    127    259    544    153    106    446    141    247    526    268   2821
RBT: 400000:  C:      22     21     22    176    105    227     56     50    222    126    118    264    248   1597
AVL: 400000:  C:      21     20     21    165    106    243     55     52    244    122    122    285    239   1637
AA:  400000:  C:      25     24     24    233    117    287    104     55    241    153    130    280    438   2043
BST: 400000:  C:      45     42     44    156    156    375     58     85    382    123    206    445    238   2228
RBT: 400000:  D:      34     19     20     73    115    285    109     42    185    112    108    234    220   1487
AVL: 400000:  D:      18     18     20     50     98    212    103     44    191    108    111    240    223   1383
AA:  400000:  D:      23     23     25     74     99    213    222     47    217    146    126    287    441   1877
RBT: 400000:  E:      32     22     23     98    140    345     35     48    218    121    118    258    235   1621
AVL: 400000:  E:      21     20     21     80    108    242     36     51    227    116    122    279    228   1495
AA:  400000:  E:      26     24     25    110    109    280     94     53    237    148    127    298    439   1899
BST: 400000:  E:    1610    807    810    127    261    537     53    106    451    141    247    523    266   2716
RBT: 400000:  F:      21     21     22    171    102    228    129     48    222    126    116    265    242   1653
AVL: 400000:  F:      21     20     21    162    103    250    125     49    228    124    124    285    247   1701
AA:  400000:  F:      25     23     25    227    113    273    244     46    230    154    122    284    433   2129
BST: 400000:  F:      44     40     43    148    155    347    119     86    376    131    210    444    237   2257
RBT: 500000:  A:      34     23     24     94    135    314     34     60    265    152    151    339    321   1870
AVL: 500000:  A:      18     18     20     64    132    297     34     61    270    156    147    326    303   1795
AA:  500000:  A:      24     24     24     93    143    338    107     64    294    194    164    384    601   2386
RBT: 500000:  B:      33     21     23    145    207    484    168     66    276    158    159    350    329   2346
AVL: 500000:  B:      21     20     21    106    167    347    158     67    299    155    159    374    321   2156
AA:  500000:  B:      27     24     25    148    160    414    322     68    317    206    179    421    610   2849
BST: 500000:  B:    2167   1116   1117    176    375    774    220    156    653    209    363    745    390   4066
RBT: 500000:  C:      22     21     22    250    143    324     72     67    301    172    162    358    343   2197
AVL: 500000:  C:      21     20     22    231    143    336     71     70    322    167    178    401    338   2263
AA:  500000:  C:      25     24     25    316    162    388    135     74    341    218    165    397    601   2800
BST: 500000:  C:      46     43     46    211    220    489     74    120    533    173    297    636    345   3102
RBT: 500000:  D:      34     19     20     94    143    360    158     65    268    152    151    332    301   2028
AVL: 500000:  D:      18     18     20     65    152    320    145     66    293    149    166    366    314   2039
AA:  500000:  D:      24     24     25     97    156    371    302     65    303    197    167    397    591   2649
RBT: 500000:  E:      33     23     23    132    189    473     45     69    293    159    161    359    325   2209
AVL: 500000:  E:      21     20     22    105    152    348     47     68    335    165    169    377    324   2095
AA:  500000:  E:      27     26     26    150    169    435    119     77    361    205    178    452    628   2777
BST: 500000:  E:    1978   1006   1007    173    368    766     69    151    667    216    362    750    392   3918
RBT: 500000:  F:      22     21     22    244    143    321    173     70    319    184    171    378    352   2358
AVL: 500000:  F:      22     20     22    241    150    339    179     73    327    170    176    396    331   2387
AA:  500000:  F:      25     23     25    322    164    404    339     69    331    210    168    400    594   3005
BST: 500000:  F:      47     45     47    211    223    497    170    122    543    177    300    634    335   3217
RBT: 600000:  A:      35     24     25    114    178    420     42     82    353    194    196    452    391   2425
AVL: 600000:  A:      19     19     21     79    162    368     43     83    342    199    193    420    378   2272
AA:  600000:  A:      26     25     25    115    171    379    133     87    400    256    223    510    762   3040
RBT: 600000:  B:      33     22     23    174    253    635    215     83    366    202    198    442    405   2978
AVL: 600000:  B:      22     20     22    130    191    452    203     87    383    201    205    468    405   2729
AA:  600000:  B:      27     24     25    184    203    511    404     95    422    262    224    538    786   3633
BST: 600000:  B:    2016   1025   1027    206    500   1003    288    212    903    275    468    982    506   5346
RBT: 600000:  C:      22     21     22    321    187    408     89     87    415    222    213    492    442   2880
AVL: 600000:  C:      22     21     22    306    190    441     89     97    434    220    221    503    435   2940
AA:  600000:  C:      26     24     25    424    212    561    171     97    419    265    213    517    780   3661
BST: 600000:  C:      46     44     47    283    303    653     91    161    716    226    392    843    444   4116
RBT: 600000:  D:      35     20     21    117    188    440    194     81    354    194    198    427    395   2593
AVL: 600000:  D:      19     19     21     79    173    372    182     81    346    191    186    425    380   2419
AA:  600000:  D:      26     24     26    114    180    378    398     85    386    249    219    524    791   3327
RBT: 600000:  E:      33     24     25    165    248    613     55     86    392    220    207    498    413   2900
AVL: 600000:  E:      22     21     22    132    208    466     57     96    413    201    206    478    397   2657
AA:  600000:  E:      27     25     26    182    216    519    143     97    454    258    241    587    798   3498
BST: 600000:  E:    2186   1117   1120    220    499   1029     92    205    837    260    467    968    505   5086
RBT: 600000:  F:      22     22     22    317    182    441    234     90    388    224    217    471    435   3003
AVL: 600000:  F:      22     21     22    308    189    429    224     96    425    216    232    501    423   3047
AA:  600000:  F:      26     24     25    421    215    553    455     96    449    283    250    583    835   4145
BST: 600000:  F:      47     43     46    307    306    643    222    157    716    226    385    827    434   4227
RBT: 700000:  A:      35     24     25    135    211    512     51    100    460    243    244    546    489   2996
AVL: 700000:  A:      19     19     21     94    210    478     49     96    431    229    235    524    491   2840
AA:  700000:  A:      27     27     26    137    224    502    157    123    541    322    321    677    936   3945
RBT: 700000:  B:      33     22     23    194    310    755    259    100    435    245    248    552    523   3626
AVL: 700000:  B:      22     21     22    158    235    550    253    102    449    241    251    559    502   3304
AA:  700000:  B:      28     24     26    219    264    659    493    107    534    318    277    681    954   4511
BST: 700000:  B:    1998   1021   1022    249    594   1212    347    250   1066    324    570   1250    622   6488
RBT: 700000:  C:      22     22     23    401    225    512    108    117    504    273    262    613    535   3555
AVL: 700000:  C:      22     21     22    388    248    538    103    114    516    260    263    613    521   3567
AA:  700000:  C:      26     25     26    505    275    668    190    109    531    340    270    661    937   4490
BST: 700000:  C:      47     44     46    345    384    806    108    210    876    276    480   1022    552   5064
RBT: 700000:  D:      35     20     21    141    220    505    237     97    412    239    244    530    480   3108
AVL: 700000:  D:      19     19     21     93    219    456    216     94    419    228    235    523    478   2963
AA:  700000:  D:      27     25     26    142    216    516    518    114    512    327    285    692   1105   4432
RBT: 700000:  E:      34     24     25    239    355    825     66    109    523    265    266    614    507   3773
AVL: 700000:  E:      22     21     22    156    243    581     71    119    505    240    272    591    495   3278
AA:  700000:  E:      29     26     26    225    295    671    165    123    624    333    314    736   1007   4497
BST: 700000:  E:    1776    916    918    254    618   1256    101    263   1095    336    575   1232    635   6370
RBT: 700000:  F:      23     22     23    410    244    533    281    114    496    295    283    606    545   3810
AVL: 700000:  F:      22     21     22    391    237    553    288    123    534    271    280    634    532   3846
AA:  700000:  F:      26     25     26    545    267    653    541    108    510    324    277    655    967   4851
BST: 700000:  F:      48     44     46    364    370    804    265    197    881    286    489   1044    542   5246
RBT: 800000:  A:      36     24     25    157    288    752     60    123    540    291    301    661    587   3764
AVL: 800000:  A:      19     19     21    107    249    546     56    114    503    273    278    616    569   3315
AA:  800000:  A:      24     27     26    158    252    564    184    125    586    357    321    758   1110   4418
RBT: 800000:  B:      34     22     23    226    371    918    310    127    535    311    327    680    629   4437
AVL: 800000:  B:      22     21     22    193    293    686    300    129    607    286    298    690    578   4064
AA:  800000:  B:      28     25     26    257    287    722    594    133    624    375    335    806   1140   5278
BST: 800000:  B:    2279   1172   1174    298    709   1464    413    301   1282    387    688   1436    740   7724
RBT: 800000:  C:      23     22     23    475    270    607    122    132    573    326    312    699    626   4146
AVL: 800000:  C:      22     21     22    446    279    644    122    138    638    318    313    715    623   4240
AA:  800000:  C:      27     25     26    602    308    748    218    131    610    384    329    773   1143   5251
BST: 800000:  C:      47     44     47    421    448    980    127    240   1062    338    587   1236    649   6093
RBT: 800000:  D:      36     20     21    157    281    730    284    110    473    283    265    610    589   3786
AVL: 800000:  D:      19     19     21    114    269    592    281    124    525    285    305    660    590   3749
AA:  800000:  D:      24     25     26    169    294    622    585    131    598    368    321    766   1098   4956
RBT: 800000:  E:      34     24     25    235    357    898     75    133    579    319    338    709    619   4266
AVL: 800000:  E:      22     21     22    196    304    663     80    128    584    293    303    695    591   3843
AA:  800000:  E:      28     26     26    255    278    712    193    133    629    375    325    796   1171   4870
BST: 800000:  E:    1959    994    996    300    715   1425    114    307   1256    373    665   1392    746   7296
RBT: 800000:  F:      23     22     23    471    267    632    333    135    575    317    315    676    613   4339
AVL: 800000:  F:      22     21     22    439    278    637    315    131    607    313    323    727    603   4378
AA:  800000:  F:      26     25     26    603    304    757    615    125    593    378    331    762   1101   5573
BST: 800000:  F:      49     45     48    411    433    950    317    236   1038    329    569   1230    647   6165
RBT: 900000:  A:      36     25     25    178    312    786     63    135    579    327    322    729    678   4113
AVL: 900000:  A:      19     19     21    123    289    625     64    136    582    318    331    726    653   3850
AA:  900000:  A:      29     27     28    192    310    715    216    149    695    421    365    883   1269   5220
RBT: 900000:  B:      34     22     23    259    406   1022    346    135    587    334    336    716    672   4816
AVL: 900000:  B:      22     21     22    208    324    738    331    143    638    329    341    780    669   4505
AA:  900000:  B:      28     25     27    299    350    899    688    161    749    438    397    936   1297   6218
BST: 900000:  B:    2183   1124   1126    332    818   1692    473    343   1447    435    785   1661    847   8836
RBT: 900000:  C:      23     22     23    545    303    679    141    154    685    378    358    835    745   4828
AVL: 900000:  C:      22     21     23    528    343    786    140    181    819    386    413    875    715   5191
AA:  900000:  C:      26     25     26    707    354    871    247    149    722    448    374    877   1306   6059
BST: 900000:  C:      48     45     48    487    522   1135    144    287   1264    394    689   1447    792   7164
RBT: 900000:  D:      36     20     22    185    340    833    320    141    598    328    362    745    663   4518
AVL: 900000:  D:      19     19     21    123    291    625    301    131    598    322    324    713    649   4081
AA:  900000:  D:      29     25     27    176    302    701    638    150    734    423    388    916   1317   5750
RBT: 900000:  E:      34     24     25    264    414   1042     87    151    651    348    364    793    687   4806
AVL: 900000:  E:      22     21     23    211    336    786     90    150    683    344    360    825    688   4476
AA:  900000:  E:      29     26     27    301    362    952    222    164    769    437    391    934   1365   5900
BST: 900000:  E:    2409   1223   1225    348    857   1689    128    345   1462    447    808   1671    884   8644
RBT: 900000:  F:      23     22     23    575    362    782    405    177    746    379    382    837    761   5411
AVL: 900000:  F:      22     21     22    528    325    776    381    162    754    378    414    886    741   5350
AA:  900000:  F:      27     25     26    734    369    910    752    157    781    453    374    897   1345   6777
BST: 900000:  F:      48     45     48    490    507   1115    372    285   1259    390    682   1428    753   7284
