Printing all test results:

tree   n    test      h1     h2     h3    it1   st1a   st1b    dt1   st2a   st2b    it2   st3a   st3b    dt2  total
-------------------------------------------------------------------------------------------------------------------
RBT: 10000000:A:      43     31     32   2463   6939  17181    883   3808  14115   6101   7872  17444  15128  91934
AVL: 10000000:A:      23     23     25   1543   7001  14997    830   3086  13317   5791   7326  16430  13676  83997
AA:  10000000:A:      30     35     34   2434   6898  15172   2741   3723  17156   7817   8668  19934  26264 110807
RBT: 10000000:B:      41     28     29   4413   9684  22449   7729   3369  14260   6303   7939  16585  14132 106863
AVL: 10000000:B:      27     26     27   3488   8425  18612   6900   3640  16641   6161   8381  19551  14563 106362
AA:  10000000:B:      35     30     32   5055   8555  20748  13738   3827  17530   8691  10072  20695  26848 135759
BST: 10000000:B:    2256   1135   1138   5198  17463  35963  10684   8092  33216   9335  17443  35369  19391 192154
RBT: 10000000:C:      27     27     28  12184   6964  15243   2354   3596  15213   7208   8496  17934  15857 105049
AVL: 10000000:C:      27     26     27  11420   7936  17981   2377   3972  19298   7227   8915  20212  15260 114598
AA:  10000000:C:      31     30     31  15331   8590  20894   3994   3840  17551   8602   8957  20280  28001 136040
BST: 10000000:C:      58     53     58  11812  12417  25823   2382   6786  28717   8326  15239  31177  17802 160481
RBT: 10000000:D:      43     25     26   2491   7081  16724   6602   2843  12112   5953   7180  15160  14730  90876
AVL: 10000000:D:      23     23     25   1526   7620  15969   6276   3506  14671   5809   9318  19766  13634  98095
AA:  10000000:D:      30     31     32   2534   7006  15342  12810   3774  17004   8001   9127  20358  26293 122249
RBT: 10000000:E:      41     29     30   4402   9706  22370   1248   3362  14869   6502   8333  21916  14993 107701
AVL: 10000000:E:      27     26     27   3465   8170  19407   1281   3908  17481   6487   8159  18860  15692 102910
AA:  10000000:E:      34     31     31   5310   9145  21584   3120   3965  20706   8622   9471  20960  28066 130949
BST: 10000000:E:    3290   1683   1686   5171  17885  36097   1691   8085  33302   9221  17501  35751  19972 184676
RBT: 10000000:F:      27     27     27  11693   7027  15498   7867   3680  15548   7226   8681  18030  15706 110956
AVL: 10000000:F:      27     26     27  12097   8795  19163   8230   4001  19041   7096   9111  22161  15643 125338
AA:  10000000:F:      33     30     32  15832   9970  24035  16426   4294  18804   9631  10644  22813  28421 160870
BST: 10000000:F:      58     58     61  12326  12459  26534   8848   6812  28816   8663  16144  31465  17894 169961
